<?xml version="1.0" encoding="UTF-8"?>
<document version="1.5.0">
  <chunk label="Chunk 1" enabled="true">
    <sensors next_id="143">
      <sensor id="21" label="focus2" type="frame">
        <resolution width="4608" height="2592"/>
        <property name="pixel_width" value="0.0014"/>
        <property name="pixel_height" value="0.0014"/>
        <property name="focal_length" value="4.7400000000000002"/>
        <property name="layer_index" value="0"/>
        <bands>
          <band label="Red"/>
          <band label="Green"/>
          <band label="Blue"/>
        </bands>
        <data_type>uint8</data_type>
        <calibration type="frame" class="initial">
          <resolution width="4608" height="2592"/>
          <f>3430.5999999999999</f>
          <cx>9.9900000000000002</cx>
          <cy>24.489999999999998</cy>
          <k1>0.029162</k1>
          <k2>0.02419</k2>
          <k3>-0.12224</k3>
        </calibration>
        <calibration type="frame" class="adjusted">
          <resolution width="4608" height="2592"/>
          <f>3477.9843972530171</f>
          <cx>9.2372342948016986</cx>
          <cy>9.5583748012620866</cy>
          <b1>-13.452839236235377</b1>
          <k1>0.013030484711231655</k1>
          <k2>0.067048950205683341</k2>
          <k3>-0.19647347881890398</k3>
          <p1>-0.00014003133555947443</p1>
          <p2>0.00030006876893869924</p2>
        </calibration>
        <covariance>
          <params>f cx cy b1 k1 k2 k3 p1 p2</params>
          <coeffs>2.7450342751753736e+00 7.6799958315527527e-04 6.8743853148087186e-01 -9.8691262354815323e-01 -1.0904669478574436e-03 5.2239315373538552e-03 -6.1517684159312766e-03 -4.8103577901792577e-06 1.6241507395083146e-06 7.6799958315527527e-04 3.4689011197989612e+00 -4.4766816078370859e-02 -1.9305144984778207e-02 1.5761906882217692e-04 8.4650177607623701e-05 -1.3400021784989780e-03 2.7522214041563522e-04 1.0667742484720048e-05 6.8743853148087186e-01 -4.4766816078370859e-02 5.8618035992677422e+00 -2.7049715697690915e+00 -3.3762370906821078e-04 5.1505314276882933e-04 4.1761058759766102e-04 -2.8278907314454199e-05 8.8269385071789035e-05 -9.8691262354815323e-01 -1.9305144984778207e-02 -2.7049715697690915e+00 1.9315984958544850e+00 -1.2608288681350716e-05 2.1196690228948007e-04 -7.6278279905056989e-04 1.0277266504601563e-05 -1.2373570893484472e-05 -1.0904669478574436e-03 1.5761906882217692e-04 -3.3762370906821078e-04 -1.2608288681350716e-05 6.6434070117705051e-06 -2.8472421823228776e-05 3.5623653682467599e-05 1.7011575487310489e-08 -4.3173634795779363e-09 5.2239315373538552e-03 8.4650177607623701e-05 5.1505314276882933e-04 2.1196690228948007e-04 -2.8472421823228776e-05 1.3073898484516121e-04 -1.7049810584017218e-04 -8.4259016524031550e-10 -1.5982723512583126e-08 -6.1517684159312766e-03 -1.3400021784989780e-03 4.1761058759766102e-04 -7.6278279905056989e-04 3.5623653682467599e-05 -1.7049810584017218e-04 2.2955479214073997e-04 -1.2240855235856729e-07 5.7850197876055266e-08 -4.8103577901792577e-06 2.7522214041563522e-04 -2.8278907314454199e-05 1.0277266504601563e-05 1.7011575487310489e-08 -8.4259016524031550e-10 -1.2240855235856729e-07 2.6249198059321882e-08 1.1593169741082635e-09 1.6241507395083146e-06 1.0667742484720048e-05 8.8269385071789035e-05 -1.2373570893484472e-05 -4.3173634795779363e-09 -1.5982723512583126e-08 5.7850197876055266e-08 1.1593169741082635e-09 1.2258325058473168e-08</coeffs>
        </covariance>
        <black_level>0 0 0</black_level>
        <sensitivity>1 1 1</sensitivity>
        <meta>
          <property name="Exif/BodySerialNumber" value="camera22"/>
          <property name="Exif/Make" value="Raspberry Pi"/>
          <property name="Exif/Model" value="/base/soc/i2c0mux/i2c@1/imx708@1a"/>
          <property name="Exif/Software" value="Picamera2"/>
        </meta>
      </sensor>
      <sensor id="26" label="focus5" type="frame">
        <resolution width="4608" height="2592"/>
        <property name="pixel_width" value="0.0014"/>
        <property name="pixel_height" value="0.0014"/>
        <property name="focal_length" value="4.7400000000000002"/>
        <property name="layer_index" value="0"/>
        <bands>
          <band label="Red"/>
          <band label="Green"/>
          <band label="Blue"/>
        </bands>
        <calibration type="frame" class="initial">
          <resolution width="4608" height="2592"/>
          <f>3495.5500000000002</f>
          <cx>10.83</cx>
          <cy>21.07</cy>
          <k1>0.084986000000000006</k1>
          <k2>-0.29005999999999998</k2>
          <k3>0.27106000000000002</k3>
        </calibration>
        <calibration type="frame" class="adjusted">
          <resolution width="4608" height="2592"/>
          <f>3554.8153980453135</f>
          <cx>-15.420861989411874</cx>
          <cy>4.3507633220806836</cy>
          <b1>-9.8990377868511068</b1>
          <k1>0.02101452089211997</k1>
          <k2>-0.11069613414177534</k2>
          <k3>0.099429300965295384</k3>
          <p1>-0.0027132199669702541</p1>
          <p2>0.0013067570010401033</p2>
        </calibration>
        <covariance>
          <params>f cx cy b1 k1 k2 k3 p1 p2</params>
          <coeffs>3.0668960506505183e+00 2.1368007897563673e-01 7.0394525700098265e-01 -1.0970008729501988e+00 -1.7306312695343695e-03 7.0880423713290475e-03 -7.5913833717194297e-03 1.4535415003222441e-05 -1.7164901914242991e-05 2.1368007897563673e-01 6.5173119611645820e+00 1.3105588218768744e-02 -4.7049038015329503e-01 4.4469467701360445e-04 -1.4342755022224317e-03 1.3130921886994273e-03 5.1311563132371029e-04 2.1501008472644193e-05 7.0394525700098265e-01 1.3105588218768744e-02 6.3259426403820944e+00 -2.8522198509923333e+00 -1.5414490412671720e-04 1.4066419933379025e-03 -2.6836723694689344e-03 -2.3706178024813092e-05 8.1160134479078849e-05 -1.0970008729501988e+00 -4.7049038015329503e-01 -2.8522198509923333e+00 2.1245014498051980e+00 1.6050647362836142e-05 -5.5123602970841073e-04 9.2926340282049869e-04 -2.3934075801501803e-05 -3.3285753755017238e-06 -1.7306312695343695e-03 4.4469467701360445e-04 -1.5414490412671720e-04 1.6050647362836142e-05 8.8152639543779110e-06 -3.5179116634102566e-05 4.1859014701784820e-05 2.0152332679296598e-08 7.3884719467829997e-08 7.0880423713290475e-03 -1.4342755022224317e-03 1.4066419933379025e-03 -5.5123602970841073e-04 -3.5179116634102566e-05 1.5010132936108187e-04 -1.8569605472424465e-04 -6.6744506905147707e-08 -2.5003391212411290e-07 -7.5913833717194297e-03 1.3130921886994273e-03 -2.6836723694689344e-03 9.2926340282049869e-04 4.1859014701784820e-05 -1.8569605472424465e-04 2.3667482957104866e-04 4.4760007546736405e-08 2.7983227701922996e-07 1.4535415003222441e-05 5.1311563132371029e-04 -2.3706178024813092e-05 -2.3934075801501803e-05 2.0152332679296598e-08 -6.6744506905147707e-08 4.4760007546736405e-08 4.5025977546251989e-08 1.8699576541639748e-09 -1.7164901914242991e-05 2.1501008472644193e-05 8.1160134479078849e-05 -3.3285753755017238e-06 7.3884719467829997e-08 -2.5003391212411290e-07 2.7983227701922996e-07 1.8699576541639748e-09 1.5053876923547489e-08</coeffs>
        </covariance>
        <black_level>0 0 0</black_level>
        <sensitivity>1 1 1</sensitivity>
      </sensor>
      <sensor id="27" label="focus1" type="frame">
        <resolution width="4608" height="2592"/>
        <property name="pixel_width" value="0.0014"/>
        <property name="pixel_height" value="0.0014"/>
        <property name="focal_length" value="4.7400000000000002"/>
        <property name="layer_index" value="0"/>
        <bands>
          <band label="Red"/>
          <band label="Green"/>
          <band label="Blue"/>
        </bands>
        <calibration type="frame" class="initial">
          <resolution width="4608" height="2592"/>
          <f>3408.9499999999998</f>
          <cx>9.7100000000000009</cx>
          <cy>25.629999999999999</cy>
          <k1>0.010553999999999999</k1>
          <k2>0.12894</k2>
          <k3>-0.25334000000000001</k3>
        </calibration>
        <calibration type="frame" class="adjusted">
          <resolution width="4608" height="2592"/>
          <f>3447.2364355924806</f>
          <cx>7.0904576748587242</cx>
          <cy>14.181276744905418</cy>
          <b1>-13.590162953353687</b1>
          <k1>0.027140075642006045</k1>
          <k2>0.042629769030104812</k2>
          <k3>-0.1590011072657371</k3>
          <p1>-0.00063223953233426103</p1>
          <p2>0.00045495441073677747</p2>
        </calibration>
        <covariance>
          <params>f cx cy b1 k1 k2 k3 p1 p2</params>
          <coeffs>2.6092213350136499e+00 4.9971042777065006e-03 7.3614617972120344e-01 -9.7689594818766057e-01 -7.0298766365079314e-04 3.6580984893578340e-03 -4.2678039750884073e-03 -4.7537931607474522e-06 5.0491356526453991e-06 4.9971042777065006e-03 3.0234405321144475e+00 -2.1263518027632846e-02 -3.8217674211595931e-03 2.8072225768024597e-04 -1.1850279960494881e-03 1.2916825058274756e-03 2.4079283528365603e-04 2.0411568467258199e-05 7.3614617972120344e-01 -2.1263518027632846e-02 5.6078238946414531e+00 -2.6529104799062546e+00 -4.1868585165232160e-04 8.7731105839896891e-04 -1.5155188259675001e-04 -2.3337662284904453e-05 9.0595614968641490e-05 -9.7689594818766057e-01 -3.8217674211595931e-03 -2.6529104799062546e+00 1.8820283217832701e+00 3.8696604199595680e-05 -1.9325050348280845e-05 -3.8966848038694921e-04 1.1957620484270302e-05 -1.9400477389086294e-05 -7.0298766365079314e-04 2.8072225768024597e-04 -4.1868585165232160e-04 3.8696604199595680e-05 4.9971372298511964e-06 -2.1124578056014134e-05 2.6120795154917771e-05 2.8682115941625294e-08 4.8454267146800515e-10 3.6580984893578340e-03 -1.1850279960494881e-03 8.7731105839896891e-04 -1.9325050348280845e-05 -2.1124578056014134e-05 9.6243487709550391e-05 -1.2368900078855438e-04 -1.2507957405469440e-07 -2.7292191464224869e-08 -4.2678039750884073e-03 1.2916825058274756e-03 -1.5155188259675001e-04 -3.8966848038694921e-04 2.6120795154917771e-05 -1.2368900078855438e-04 1.6324536180518511e-04 1.3652207154460285e-07 5.6696964534611565e-08 -4.7537931607474522e-06 2.4079283528365603e-04 -2.3337662284904453e-05 1.1957620484270302e-05 2.8682115941625294e-08 -1.2507957405469440e-07 1.3652207154460285e-07 2.3115895730173942e-08 2.1635881646740966e-09 5.0491356526453991e-06 2.0411568467258199e-05 9.0595614968641490e-05 -1.9400477389086294e-05 4.8454267146800515e-10 -2.7292191464224869e-08 5.6696964534611565e-08 2.1635881646740966e-09 1.1450376755604157e-08</coeffs>
        </covariance>
        <black_level>0 0 0</black_level>
        <sensitivity>1 1 1</sensitivity>
      </sensor>
      <sensor id="28" label="focus3" type="frame">
        <resolution width="4608" height="2592"/>
        <property name="pixel_width" value="0.0014"/>
        <property name="pixel_height" value="0.0014"/>
        <property name="focal_length" value="4.7400000000000002"/>
        <property name="layer_index" value="0"/>
        <bands>
          <band label="Red"/>
          <band label="Green"/>
          <band label="Blue"/>
        </bands>
        <calibration type="frame" class="initial">
          <resolution width="4608" height="2592"/>
          <f>3452.25</f>
          <cx>10.27</cx>
          <cy>23.350000000000001</cy>
          <k1>0.04777</k1>
          <k2>-0.080560000000000007</k2>
          <k3>0.0088599999999999998</k3>
        </calibration>
        <calibration type="frame" class="adjusted">
          <resolution width="4608" height="2592"/>
          <f>3503.4467325991677</f>
          <cx>-1.6905383744487439</cx>
          <cy>10.816382806514033</cy>
          <b1>-12.480345454135666</b1>
          <k1>0.0039084074679783375</k1>
          <k2>0.068821650930301292</k2>
          <k3>-0.16824569001470191</k3>
          <p1>-0.0014512803681380681</p1>
          <p2>0.00048141026853087721</p2>
        </calibration>
        <covariance>
          <params>f cx cy b1 k1 k2 k3 p1 p2</params>
          <coeffs>2.8451935937518491e+00 9.5011302638325620e-02 6.7512571283932110e-01 -1.0136597402037719e+00 -1.2992073519479405e-03 6.0855737772286898e-03 -7.2366313055851755e-03 5.7112623305545281e-06 -9.0323985955586972e-06 9.5011302638325620e-02 4.2691602025233735e+00 2.1288024706934059e-02 -1.5901890282615336e-01 -5.2358138648516729e-05 1.2889062503277681e-03 -3.2846845702801811e-03 3.5623549341658509e-04 9.2541554595786935e-06 6.7512571283932110e-01 2.1288024706934059e-02 5.9823645721596170e+00 -2.7422169142412116e+00 -3.1203661769132118e-04 6.4076751433744252e-04 -1.0337267229181872e-04 -2.4466373360905810e-05 8.4544486731575423e-05 -1.0136597402037719e+00 -1.5901890282615336e-01 -2.7422169142412116e+00 1.9821211401090335e+00 -8.7687418505209883e-06 3.2332635423879050e-05 -2.8150063817460795e-04 -2.0089183556821632e-06 -8.5624222007293780e-06 -1.2992073519479405e-03 -5.2358138648516729e-05 -3.1203661769132118e-04 -8.7687418505209883e-06 7.4352171800849884e-06 -3.1748644668180629e-05 3.9443265303553671e-05 -8.7321124458016153e-09 2.0684985951644340e-08 6.0855737772286898e-03 1.2889062503277681e-03 6.4076751433744252e-04 3.2332635423879050e-05 -3.1748644668180629e-05 1.4466707405258550e-04 -1.8673840363394814e-04 1.3720705444819584e-07 -1.1555691008192569e-07 -7.2366313055851755e-03 -3.2846845702801811e-03 -1.0337267229181872e-04 -2.8150063817460795e-04 3.9443265303553671e-05 -1.8673840363394814e-04 2.4823387248839489e-04 -3.4582424789287634e-07 1.7134233339885693e-07 5.7112623305545281e-06 3.5623549341658509e-04 -2.4466373360905810e-05 -2.0089183556821632e-06 -8.7321124458016153e-09 1.3720705444819584e-07 -3.4582424789287634e-07 3.4747826386258173e-08 9.2105907408307426e-10 -9.0323985955586972e-06 9.2541554595786935e-06 8.4544486731575423e-05 -8.5624222007293780e-06 2.0684985951644340e-08 -1.1555691008192569e-07 1.7134233339885693e-07 9.2105907408307426e-10 1.2246454143590936e-08</coeffs>
        </covariance>
        <black_level>0 0 0</black_level>
        <sensitivity>1 1 1</sensitivity>
      </sensor>
      <sensor id="29" label="focus4" type="frame">
        <resolution width="4608" height="2592"/>
        <property name="pixel_width" value="0.0014"/>
        <property name="pixel_height" value="0.0014"/>
        <property name="focal_length" value="4.7400000000000002"/>
        <property name="layer_index" value="0"/>
        <bands>
          <band label="Red"/>
          <band label="Green"/>
          <band label="Blue"/>
        </bands>
        <calibration type="frame" class="initial">
          <resolution width="4608" height="2592"/>
          <f>3473.9000000000001</f>
          <cx>10.550000000000001</cx>
          <cy>22.210000000000001</cy>
          <k1>0.066378000000000006</k1>
          <k2>-0.18531</k2>
          <k3>0.13996</k3>
        </calibration>
        <calibration type="frame" class="adjusted">
          <resolution width="4608" height="2592"/>
          <f>3530.102823546275</f>
          <cx>-17.725518501594408</cx>
          <cy>0.6022037901855013</cy>
          <b1>-13.370839434161493</b1>
          <k1>-0.030255262387723712</k1>
          <k2>0.25919109422227371</k2>
          <k3>-0.47384785168646765</k3>
          <p1>-0.0032309891846115054</p1>
          <p2>-0.0002286421338452703</p2>
        </calibration>
        <covariance>
          <params>f cx cy b1 k1 k2 k3 p1 p2</params>
          <coeffs>3.3243623286860191e+00 2.7338651280503146e-01 6.7064953779579184e-01 -1.0615304039543658e+00 -3.5733332516473533e-03 1.7340105552319421e-02 -2.3552833139782764e-02 2.3068595197207015e-05 -1.8288208034976553e-05 2.7338651280503146e-01 7.1469932136503367e+00 3.3119627084826009e-01 -7.0443695343499069e-01 2.3777978860261558e-04 3.7018162024708492e-03 -1.0890702631184825e-02 6.1380059207486067e-04 4.1192195598221703e-05 6.7064953779579184e-01 3.3119627084826009e-01 6.8761178489452224e+00 -2.8688527530208230e+00 -2.4725977930939653e-04 5.1841475240769390e-04 3.3378147989857130e-04 4.7119245580089956e-06 1.2899037590674597e-04 -1.0615304039543658e+00 -7.0443695343499069e-01 -2.8688527530208230e+00 2.1317722957653045e+00 -2.2719241363896271e-04 5.3718296949632196e-04 -6.7558433622556054e-04 -4.8899707210391486e-05 -1.3031282293192105e-05 -3.5733332516473533e-03 2.3777978860261558e-04 -2.4725977930939653e-04 -2.2719241363896271e-04 2.0466271769813614e-05 -9.6145160287376750e-05 1.3202392250074069e-04 1.6246268569323375e-09 6.2617530537146527e-08 1.7340105552319421e-02 3.7018162024708492e-03 5.1841475240769390e-04 5.3718296949632196e-04 -9.6145160287376750e-05 4.7894501129516130e-04 -6.8223743624821294e-04 4.2463906825138363e-07 -2.6020898612385824e-07 -2.3552833139782764e-02 -1.0890702631184825e-02 3.3378147989857130e-04 -6.7558433622556054e-04 1.3202392250074069e-04 -6.8223743624821294e-04 9.9714988626062925e-04 -1.1436290805311290e-06 3.6299159886190856e-07 2.3068595197207015e-05 6.1380059207486067e-04 4.7119245580089956e-06 -4.8899707210391486e-05 1.6246268569323375e-09 4.2463906825138363e-07 -1.1436290805311290e-06 5.8996249782416163e-08 3.4768252208023185e-09 -1.8288208034976553e-05 4.1192195598221703e-05 1.2899037590674597e-04 -1.3031282293192105e-05 6.2617530537146527e-08 -2.6020898612385824e-07 3.6299159886190856e-07 3.4768252208023185e-09 1.9039397440124636e-08</coeffs>
        </covariance>
        <black_level>0 0 0</black_level>
        <sensitivity>1 1 1</sensitivity>
      </sensor>
      <sensor id="30" label="focus2" type="frame">
        <resolution width="4608" height="2592"/>
        <property name="pixel_width" value="0.0014"/>
        <property name="pixel_height" value="0.0014"/>
        <property name="focal_length" value="4.7400000000000002"/>
        <property name="layer_index" value="0"/>
        <bands>
          <band label="Red"/>
          <band label="Green"/>
          <band label="Blue"/>
        </bands>
        <calibration type="frame" class="initial">
          <resolution width="4608" height="2592"/>
          <f>3430.5999999999999</f>
          <cx>9.9900000000000002</cx>
          <cy>24.489999999999998</cy>
          <k1>0.029162</k1>
          <k2>0.02419</k2>
          <k3>-0.12224</k3>
        </calibration>
        <calibration type="frame" class="adjusted">
          <resolution width="4608" height="2592"/>
          <f>3454.3905908961106</f>
          <cx>-0.94686536480065575</cx>
          <cy>11.78313152163445</cy>
          <b1>-18.202885748583761</b1>
          <k1>0.025284715728566661</k1>
          <k2>0.024200528059275209</k2>
          <k3>-0.10606526799144379</k3>
          <p1>-0.001299717523449293</p1>
          <p2>-0.00017848570636103733</p2>
        </calibration>
        <covariance>
          <params>f cx cy b1 k1 k2 k3 p1 p2</params>
          <coeffs>5.9100410816697861e+00 1.1565562407036505e-01 8.4767539846551954e-01 -4.4605620030500086e+00 -4.7449235869027130e-04 2.9840780170774877e-03 -4.0904351063241820e-03 -1.0368925584390626e-06 -3.8911510452242426e-05 1.1565562407036505e-01 4.4843017877806854e+00 -2.5026307567406116e-02 -1.0118172855392199e-01 -1.4984573718647990e-04 1.3634280073945822e-03 -2.6361715438375133e-03 4.2289792987915711e-04 5.3587087946687541e-06 8.4767539846551954e-01 -2.5026307567406116e-02 2.6169347191896000e+00 -1.4625537998986324e+00 -2.9978447116684766e-04 1.2766718444679712e-04 3.8636609382271139e-04 -6.5227203660426632e-06 1.1729938580753500e-04 -4.4605620030500086e+00 -1.0118172855392199e-01 -1.4625537998986324e+00 4.5880192257718537e+00 -1.6551249598130695e-04 4.9284765142498267e-04 -3.7041392161507320e-04 8.6107783945773071e-06 6.2861274777468996e-06 -4.7449235869027130e-04 -1.4984573718647990e-04 -2.9978447116684766e-04 -1.6551249598130695e-04 7.1883677556191901e-06 -3.0496097673260062e-05 3.7521104078977921e-05 -3.3207367018005454e-08 -2.5457505416160909e-08 2.9840780170774877e-03 1.3634280073945822e-03 1.2766718444679712e-04 4.9284765142498267e-04 -3.0496097673260062e-05 1.3820247526916577e-04 -1.7665349837313554e-04 2.1338396804811247e-07 2.3499290186998157e-08 -4.0904351063241820e-03 -2.6361715438375133e-03 3.8636609382271139e-04 -3.7041392161507320e-04 3.7521104078977921e-05 -1.7665349837313554e-04 2.3220493242556012e-04 -3.6463610364609372e-07 -1.7008394991503610e-08 -1.0368925584390626e-06 4.2289792987915711e-04 -6.5227203660426632e-06 8.6107783945773071e-06 -3.3207367018005454e-08 2.1338396804811247e-07 -3.6463610364609372e-07 4.4265552182297118e-08 8.6955532355063822e-10 -3.8911510452242426e-05 5.3587087946687541e-06 1.1729938580753500e-04 6.2861274777468996e-06 -2.5457505416160909e-08 2.3499290186998157e-08 -1.7008394991503610e-08 8.6955532355063822e-10 1.6760336670436620e-08</coeffs>
        </covariance>
        <black_level>0 0 0</black_level>
        <sensitivity>1 1 1</sensitivity>
      </sensor>
      <sensor id="31" label="focus2" type="frame">
        <resolution width="4608" height="2592"/>
        <property name="pixel_width" value="0.0014"/>
        <property name="pixel_height" value="0.0014"/>
        <property name="focal_length" value="4.7400000000000002"/>
        <property name="layer_index" value="0"/>
        <bands>
          <band label="Red"/>
          <band label="Green"/>
          <band label="Blue"/>
        </bands>
        <calibration type="frame" class="initial">
          <resolution width="4608" height="2592"/>
          <f>3430.5999999999999</f>
          <cx>9.9900000000000002</cx>
          <cy>24.489999999999998</cy>
          <k1>0.029162</k1>
          <k2>0.02419</k2>
          <k3>-0.12224</k3>
        </calibration>
        <calibration type="frame" class="adjusted">
          <resolution width="4608" height="2592"/>
          <f>3446.3125465211087</f>
          <cx>6.4354099843662205</cx>
          <cy>-35.868344128033741</cy>
          <b1>-17.380186206683444</b1>
          <k1>0.05982783974409369</k1>
          <k2>-0.09534631151260968</k2>
          <k3>0.037148432255242371</k3>
          <p1>-0.00064249294497819556</p1>
          <p2>-0.00010436201128912796</p2>
        </calibration>
        <covariance>
          <params>f cx cy b1 k1 k2 k3 p1 p2</params>
          <coeffs>7.6470558020144130e+00 1.4509154244993632e+00 -3.1654733838167548e+00 -3.4177556685262811e+00 -2.8313001639789083e-03 1.2443950565936834e-02 -1.3275173629154525e-02 1.5515546964346976e-04 -7.4978268191652520e-05 1.4509154244993632e+00 8.2739071266712116e+00 -5.4186883317309265e-01 -3.9403343739534323e-02 -1.8517611087145907e-04 3.1336112281378954e-03 -4.5532444595901833e-03 7.8684680178920199e-04 -1.1284085297524606e-04 -3.1654733838167548e+00 -5.4186883317309265e-01 6.7133966499476534e+00 3.6035112731047452e+00 8.4530853544398767e-04 -4.3948421872723551e-03 5.5278990289921968e-03 -3.6043430438324680e-05 2.4377856017783733e-04 -3.4177556685262811e+00 -3.9403343739534323e-02 3.6035112731047452e+00 4.2045362402884097e+00 1.0956292118868083e-04 -6.8065435020125194e-04 7.3778134152771211e-04 1.6611525361355551e-05 5.0428097050199398e-05 -2.8313001639789083e-03 -1.8517611087145907e-04 8.4530853544398767e-04 1.0956292118868083e-04 1.4569750744063670e-05 -5.6230796641565712e-05 6.5920681279965025e-05 -9.0239616034185988e-08 -8.2573243155713947e-08 1.2443950565936834e-02 3.1336112281378954e-03 -4.3948421872723551e-03 -6.8065435020125194e-04 -5.6230796641565712e-05 2.3118495882418999e-04 -2.8045978223993704e-04 5.8143169917492645e-07 1.6611808722716460e-07 -1.3275173629154525e-02 -4.5532444595901833e-03 5.5278990289921968e-03 7.3778134152771211e-04 6.5920681279965025e-05 -2.8045978223993704e-04 3.4885536701379573e-04 -7.7153485412132768e-07 -1.8592681526910495e-07 1.5515546964346976e-04 7.8684680178920199e-04 -3.6043430438324680e-05 1.6611525361355551e-05 -9.0239616034185988e-08 5.8143169917492645e-07 -7.7153485412132768e-07 8.0640652981799696e-08 -9.7234285782210241e-09 -7.4978268191652520e-05 -1.1284085297524606e-04 2.4377856017783733e-04 5.0428097050199398e-05 -8.2573243155713947e-08 1.6611808722716460e-07 -1.8592681526910495e-07 -9.7234285782210241e-09 3.1451085948664432e-08</coeffs>
        </covariance>
        <black_level>0 0 0</black_level>
        <sensitivity>1 1 1</sensitivity>
      </sensor>
      <sensor id="32" label="focus2" type="frame">
        <resolution width="4608" height="2592"/>
        <property name="pixel_width" value="0.0014"/>
        <property name="pixel_height" value="0.0014"/>
        <property name="focal_length" value="4.7400000000000002"/>
        <property name="layer_index" value="0"/>
        <bands>
          <band label="Red"/>
          <band label="Green"/>
          <band label="Blue"/>
        </bands>
        <calibration type="frame" class="initial">
          <resolution width="4608" height="2592"/>
          <f>3430.5999999999999</f>
          <cx>9.9900000000000002</cx>
          <cy>24.489999999999998</cy>
          <k1>0.029162</k1>
          <k2>0.02419</k2>
          <k3>-0.12224</k3>
        </calibration>
        <calibration type="frame" class="adjusted">
          <resolution width="4608" height="2592"/>
          <f>3470.8406398088346</f>
          <cx>20.270496229205317</cx>
          <cy>-6.5552648757798941</cy>
          <b1>-12.360886102228449</b1>
          <k1>0.038623892724812599</k1>
          <k2>-0.025002474222540347</k2>
          <k3>-0.05576511038736591</k3>
          <p1>-0.00056584777668357647</p1>
          <p2>4.0978725852376732e-05</p2>
        </calibration>
        <covariance>
          <params>f cx cy b1 k1 k2 k3 p1 p2</params>
          <coeffs>3.2599419098557503e+00 -2.4108720734122277e-02 1.3053172768138597e+00 -1.9688029312322266e+00 -8.0648456533700160e-04 4.0386188900108158e-03 -4.3821740262231226e-03 -5.7957102440870019e-06 -2.8870588225598340e-05 -2.4108720734122277e-02 4.2051168147850095e+00 1.2675186719360318e-01 8.5394518889643209e-02 -1.7917843814780430e-04 7.4875695578384253e-04 -1.5203473036485824e-03 3.9357045969212745e-04 1.3359847670506377e-05 1.3053172768138597e+00 1.2675186719360318e-01 5.1361420072757591e+00 -2.8420569249808403e+00 -4.5900328881745106e-04 1.2575978205470392e-03 -1.3947808089165203e-03 3.1011957876383830e-06 1.3725820602515171e-04 -1.9688029312322266e+00 8.5394518889643209e-02 -2.8420569249808403e+00 2.7451804783207603e+00 8.6196245040772523e-06 -1.6619905458888486e-04 -5.6458647413199962e-05 1.5079781104046656e-05 -1.0306903530438912e-05 -8.0648456533700160e-04 -1.7917843814780430e-04 -4.5900328881745106e-04 8.6196245040772523e-06 7.5393212210483238e-06 -3.2120990602449919e-05 4.0161658879055160e-05 -1.3506646209180373e-08 -5.6870378130328010e-08 4.0386188900108158e-03 7.4875695578384253e-04 1.2575978205470392e-03 -1.6619905458888486e-04 -3.2120990602449919e-05 1.4457038356678752e-04 -1.8704597807328870e-04 7.7051451399586325e-08 1.8642908816391076e-07 -4.3821740262231226e-03 -1.5203473036485824e-03 -1.3947808089165203e-03 -5.6458647413199962e-05 4.0161658879055160e-05 -1.8704597807328870e-04 2.4985388021638011e-04 -1.8433292157455141e-07 -2.2985278445605196e-07 -5.7957102440870019e-06 3.9357045969212745e-04 3.1011957876383830e-06 1.5079781104046656e-05 -1.3506646209180373e-08 7.7051451399586325e-08 -1.8433292157455141e-07 4.1679152835172158e-08 4.4777516770637180e-10 -2.8870588225598340e-05 1.3359847670506377e-05 1.3725820602515171e-04 -1.0306903530438912e-05 -5.6870378130328010e-08 1.8642908816391076e-07 -2.2985278445605196e-07 4.4777516770637180e-10 1.7774962250027923e-08</coeffs>
        </covariance>
        <black_level>0 0 0</black_level>
        <sensitivity>1 1 1</sensitivity>
      </sensor>
      <sensor id="33" label="focus2" type="frame">
        <resolution width="4608" height="2592"/>
        <property name="pixel_width" value="0.0014"/>
        <property name="pixel_height" value="0.0014"/>
        <property name="focal_length" value="4.7400000000000002"/>
        <property name="layer_index" value="0"/>
        <bands>
          <band label="Red"/>
          <band label="Green"/>
          <band label="Blue"/>
        </bands>
        <calibration type="frame" class="initial">
          <resolution width="4608" height="2592"/>
          <f>3430.5999999999999</f>
          <cx>9.9900000000000002</cx>
          <cy>24.489999999999998</cy>
          <k1>0.029162</k1>
          <k2>0.02419</k2>
          <k3>-0.12224</k3>
        </calibration>
        <calibration type="frame" class="adjusted">
          <resolution width="4608" height="2592"/>
          <f>3469.2731294596842</f>
          <cx>13.940942366514701</cx>
          <cy>3.3067023690793835</cy>
          <b1>-19.102440470682993</b1>
          <k1>0.043954316182702506</k1>
          <k2>-0.057791801654603916</k2>
          <k3>0.0014141031044636874</k3>
          <p1>0.00092208419764007606</p1>
          <p2>-0.00035999061891208361</p2>
        </calibration>
        <covariance>
          <params>f cx cy b1 k1 k2 k3 p1 p2</params>
          <coeffs>4.7096159814859018e+00 1.4939893796811246e-01 1.8135294596065625e+00 -3.8199760652702466e+00 -6.8161457875284619e-04 2.9771950183206638e-03 -3.1344496953026259e-03 1.3624159431272909e-05 5.8367209680659333e-06 1.4939893796811246e-01 3.3020785633858525e+00 1.1957979644373269e-01 -1.4134196005483163e-01 -1.7366408169863700e-04 7.4860796741631121e-04 -1.0671832198193886e-03 2.9726763403162650e-04 -1.9790664154005378e-06 1.8135294596065625e+00 1.1957979644373269e-01 3.4134984241173902e+00 -2.5335889827903357e+00 -5.8237397163158310e-04 2.3124234364519294e-03 -3.0254967031780565e-03 5.9236826469597490e-06 9.2291278195234781e-05 -3.8199760652702466e+00 -1.4134196005483163e-01 -2.5335889827903357e+00 4.2286482943212738e+00 -1.3752375449993430e-05 1.0315845678489346e-05 -2.5633686388770228e-04 -6.8291866779587460e-06 -1.8022180942616743e-05 -6.8161457875284619e-04 -1.7366408169863700e-04 -5.8237397163158310e-04 -1.3752375449993430e-05 6.1933068294764744e-06 -2.6571643504504129e-05 3.3537114055574915e-05 -2.4402320796650887e-08 -2.2027704497417185e-08 2.9771950183206638e-03 7.4860796741631121e-04 2.3124234364519294e-03 1.0315845678489346e-05 -2.6571643504504129e-05 1.2093786543154752e-04 -1.5841957172316477e-04 1.2673914198550980e-07 7.3103258470406589e-08 -3.1344496953026259e-03 -1.0671832198193886e-03 -3.0254967031780565e-03 -2.5633686388770228e-04 3.3537114055574915e-05 -1.5841957172316477e-04 2.1359710414617933e-04 -1.9512417369286995e-07 -7.2585622680616918e-08 1.3624159431272909e-05 2.9726763403162650e-04 5.9236826469597490e-06 -6.8291866779587460e-06 -2.4402320796650887e-08 1.2673914198550980e-07 -1.9512417369286995e-07 3.0688941471868061e-08 -6.4476029081721402e-10 5.8367209680659333e-06 -1.9790664154005378e-06 9.2291278195234781e-05 -1.8022180942616743e-05 -2.2027704497417185e-08 7.3103258470406589e-08 -7.2585622680616918e-08 -6.4476029081721402e-10 1.1825809721139046e-08</coeffs>
        </covariance>
        <black_level>0 0 0</black_level>
        <sensitivity>1 1 1</sensitivity>
      </sensor>
      <sensor id="34" label="focus2" type="frame">
        <resolution width="4608" height="2592"/>
        <property name="pixel_width" value="0.0014"/>
        <property name="pixel_height" value="0.0014"/>
        <property name="focal_length" value="4.7400000000000002"/>
        <property name="layer_index" value="0"/>
        <bands>
          <band label="Red"/>
          <band label="Green"/>
          <band label="Blue"/>
        </bands>
        <calibration type="frame" class="initial">
          <resolution width="4608" height="2592"/>
          <f>3430.5999999999999</f>
          <cx>9.9900000000000002</cx>
          <cy>24.489999999999998</cy>
          <k1>0.029162</k1>
          <k2>0.02419</k2>
          <k3>-0.12224</k3>
        </calibration>
        <calibration type="frame" class="adjusted">
          <resolution width="4608" height="2592"/>
          <f>3471.4228585798169</f>
          <cx>28.22202771881517</cx>
          <cy>-22.655933194129965</cy>
          <b1>-26.952269866578877</b1>
          <k1>0.034030463860536882</k1>
          <k2>0.00075992559060478193</k2>
          <k3>-0.099211101711033034</k3>
          <p1>0.00062776594588133221</p1>
          <p2>0.00012849907953355925</p2>
        </calibration>
        <covariance>
          <params>f cx cy b1 k1 k2 k3 p1 p2</params>
          <coeffs>6.6875891465631687e+00 1.7459060051435610e-01 -1.5560099667877301e+00 -5.8663851486570602e+00 -1.7186828441676533e-03 7.0556947345686988e-03 -8.4004772667610004e-03 1.4710674992325484e-06 -6.5845368279190713e-07 1.7459060051435610e-01 3.9557516164545325e+00 -8.0951573585060776e-02 -3.3487431483310093e-01 1.6059439916842196e-04 -1.4585471796983984e-03 2.5003625594906846e-03 3.6615801930487004e-04 -4.9020165318294619e-06 -1.5560099667877301e+00 -8.0951573585060776e-02 2.6572901256203978e+00 1.4812491197203841e+00 -8.9703382191886401e-04 3.5581768572724784e-03 -4.6805962970469846e-03 -8.1427540189816884e-06 1.0346376377087998e-04 -5.8663851486570602e+00 -3.3487431483310093e-01 1.4812491197203841e+00 5.9929411049041743e+00 -2.5488668511529866e-05 6.1460247975659413e-05 -1.4833662889102207e-04 -2.5157752175351484e-05 -5.2578712144626037e-06 -1.7186828441676533e-03 1.6059439916842196e-04 -8.9703382191886401e-04 -2.5488668511529866e-05 1.1223185724364447e-05 -4.8478970900046143e-05 6.1618999986200702e-05 6.5633528142043824e-08 -1.7324605154131691e-08 7.0556947345686988e-03 -1.4585471796983984e-03 3.5581768572724784e-03 6.1460247975659413e-05 -4.8478970900046143e-05 2.1706969914358893e-04 -2.8234171740927226e-04 -3.4524475292693406e-07 9.0206379700841022e-08 -8.4004772667610004e-03 2.5003625594906846e-03 -4.6805962970469846e-03 -1.4833662889102207e-04 6.1618999986200702e-05 -2.8234171740927226e-04 3.7383800513288954e-04 4.9074834892270207e-07 -1.3541814535827778e-07 1.4710674992325484e-06 3.6615801930487004e-04 -8.1427540189816884e-06 -2.5157752175351484e-05 6.5633528142043824e-08 -3.4524475292693406e-07 4.9074834892270207e-07 3.7520464862137838e-08 -3.7684256553752002e-10 -6.5845368279190713e-07 -4.9020165318294619e-06 1.0346376377087998e-04 -5.2578712144626037e-06 -1.7324605154131691e-08 9.0206379700841022e-08 -1.3541814535827778e-07 -3.7684256553752002e-10 1.2042585731930013e-08</coeffs>
        </covariance>
        <black_level>0 0 0</black_level>
        <sensitivity>1 1 1</sensitivity>
      </sensor>
      <sensor id="35" label="focus2" type="frame">
        <resolution width="4608" height="2592"/>
        <property name="pixel_width" value="0.0014"/>
        <property name="pixel_height" value="0.0014"/>
        <property name="focal_length" value="4.7400000000000002"/>
        <property name="layer_index" value="0"/>
        <bands>
          <band label="Red"/>
          <band label="Green"/>
          <band label="Blue"/>
        </bands>
        <calibration type="frame" class="initial">
          <resolution width="4608" height="2592"/>
          <f>3430.5999999999999</f>
          <cx>9.9900000000000002</cx>
          <cy>24.489999999999998</cy>
          <k1>0.029162</k1>
          <k2>0.02419</k2>
          <k3>-0.12224</k3>
        </calibration>
        <calibration type="frame" class="adjusted">
          <resolution width="4608" height="2592"/>
          <f>3465.7794077715685</f>
          <cx>10.206613679843242</cx>
          <cy>27.167777683597958</cy>
          <b1>-7.0200745707452379</b1>
          <k1>0.01403207997760755</k1>
          <k2>0.099693819446254828</k2>
          <k3>-0.25155083638542702</k3>
          <p1>0.0016481999156884712</p1>
          <p2>0.00022918146675707278</p2>
        </calibration>
        <covariance>
          <params>f cx cy b1 k1 k2 k3 p1 p2</params>
          <coeffs>3.0569097903103342e+00 -4.0050741718157157e-01 9.8304476919848546e-02 -7.1235196905718801e-01 -8.4989894745028226e-04 5.7077138467141924e-03 -8.0804335460790046e-03 -4.0432666037554632e-05 -3.4700029690419519e-05 -4.0050741718157157e-01 3.3178713366297763e+00 -1.3144930508389932e-01 2.2906903104487858e-01 -2.0823841974305658e-04 1.6280834435587453e-03 -2.9248116176247658e-03 2.6052703876395709e-04 3.3932600570488970e-05 9.8304476919848546e-02 -1.3144930508389932e-01 6.0586738835285576e+00 -2.2946006964606798e+00 -8.4882282787015757e-04 2.2993589024446204e-03 -2.0748789588309175e-03 -2.9394335724536171e-05 1.5302329586687694e-04 -7.1235196905718801e-01 2.2906903104487858e-01 -2.2946006964606798e+00 1.5685660268497419e+00 -3.5438130811953834e-05 -1.1669969933654914e-04 -5.2603974385383723e-06 3.4144305524268086e-05 9.0832289152675054e-06 -8.4989894745028226e-04 -2.0823841974305658e-04 -8.4882282787015757e-04 -3.5438130811953834e-05 8.9724824779132920e-06 -3.9208630283328961e-05 5.0173500265792986e-05 5.9444929972526372e-09 -6.5164230558033102e-08 5.7077138467141924e-03 1.6280834435587453e-03 2.2993589024446204e-03 -1.1669969933654914e-04 -3.9208630283328961e-05 1.8640285604379575e-04 -2.4921212384638580e-04 3.0737062959721236e-09 1.2965828616614484e-07 -8.0804335460790046e-03 -2.9248116176247658e-03 -2.0748789588309175e-03 -5.2603974385383723e-06 5.0173500265792986e-05 -2.4921212384638580e-04 3.4209915588887571e-04 -4.8762419675228012e-08 -1.2820052985999465e-07 -4.0432666037554632e-05 2.6052703876395709e-04 -2.9394335724536171e-05 3.4144305524268086e-05 5.9444929972526372e-09 3.0737062959721236e-09 -4.8762419675228012e-08 2.6967655751757774e-08 2.6316290918117259e-09 -3.4700029690419519e-05 3.3932600570488970e-05 1.5302329586687694e-04 9.0832289152675054e-06 -6.5164230558033102e-08 1.2965828616614484e-07 -1.2820052985999465e-07 2.6316290918117259e-09 2.1901225427748853e-08</coeffs>
        </covariance>
        <black_level>0 0 0</black_level>
        <sensitivity>1 1 1</sensitivity>
      </sensor>
      <sensor id="36" label="focus2" type="frame">
        <resolution width="4608" height="2592"/>
        <property name="pixel_width" value="0.0014"/>
        <property name="pixel_height" value="0.0014"/>
        <property name="focal_length" value="4.7400000000000002"/>
        <property name="layer_index" value="0"/>
        <bands>
          <band label="Red"/>
          <band label="Green"/>
          <band label="Blue"/>
        </bands>
        <calibration type="frame" class="initial">
          <resolution width="4608" height="2592"/>
          <f>3430.5999999999999</f>
          <cx>9.9900000000000002</cx>
          <cy>24.489999999999998</cy>
          <k1>0.029162</k1>
          <k2>0.02419</k2>
          <k3>-0.12224</k3>
        </calibration>
        <calibration type="frame" class="adjusted">
          <resolution width="4608" height="2592"/>
          <f>3476.4876862512615</f>
          <cx>21.850428716950294</cx>
          <cy>-2.6465050878055871</cy>
          <b1>-16.351557192111358</b1>
          <k1>0.012298090001284066</k1>
          <k2>0.16649322075768261</k2>
          <k3>-0.42120583603862261</k3>
          <p1>0.0012878880782290596</p1>
          <p2>0.00048541573219520209</p2>
        </calibration>
        <covariance>
          <params>f cx cy b1 k1 k2 k3 p1 p2</params>
